% Coding: Male 0, Female 1

% colormap([0 0 0;1 1 1])

Mpsex = [0
	 0
	 0
	 0
	 1
	 1
	 1
	 1
	 1
	 0
	 0
	 0
	 0
	 1
	 0
	 1
	 0
	 1
	 0
	 0
	 1
	 1
	 0
	 1
	 0
	 1
	 1
	 1
	 0
	 1
	 0
	 0
	 1
	 1
	 0
	 0
	 1
	 0
	 0
	 1
	 0
	 0
	 1
	 1
	 1
	 1
	 1
	 0
	 1
	 1
	 0
	 0
	 1
	 0
	 0
	 0
	 1
	 0
	 0
	 1
	 1
	 1
	 1
	 1
	 1
	 0
	 1
	 0
	 0
	 1
	 1
	 1
	 0
	 0
	 0
	 0
	 1
	 1
	 1
	 0
	 0
	 0
	 0
	 1
	 1
	 0
	 0
	 1
	 1
	 1
	 0
	 0
	 1
	 1
	 0
	 0
	 1
	 1
	 0
	 0
	 1
	 0
	 1
	 1
	 0
	 1
	 0
	 1
	 1
	 0
	 0
	 0
	 1
	 1
	 1
	 1
	 0
	 1
	 1
	 0
	 0
	 0
	 0
	 0
	 0
	 1
	 0
	 0
	 0
	 1
	 0
	 0
	 0
	 1
	 1
	 0
	 0
	 1
	 1
	 0
	 0
	 0
	 0
	 1
	 1
	 1
	 0
	 1
	 1
	 0
	 0
	 0
	 0
	 0
	 1
	 0
	 1
	 0
	 0
	 0
	 1
	 1
	 0
	 0
	 1
	 0
	 1
	 0
	 0
	 1
	 1
	 0
	 1
	 0
	 1
	 1
	 0
	 0
	 1
	 0
	 1
	 0
	 0
	 0
	 1
	 0
	 1
	 0
	 0
	 0
	 1
	 0
	 0
	 0
	 0
	 0
	 0
	 1
	 0
	 0
	 1
	 0
	 0
	 0
	 1
	 1
	 0
	 1
	 1
	 0
	 1
	 0
	 1
	 0
	 0
	 1
	 1
	 0
	 0
	 0
	 1
	 0
	 1
	 1
	 1
	 0
	 1
	 1
	 0
	 1
	 0
	 1
	 1
	 0
	 1
	 0
	 1
	 1
	 1
	 0
	 1
	 0
	 0
	 1
	 1
	 1
	 0
	 0
	 0
	 1
	 0
	 0
	 1
	 0
	 1
	 0
	 1
	 0
	 1
	 1
	 1
	 1
	 0
	 0
	 0
	 0
	 0
	 1
	 1
	 0
	 1
	 0
	 0
	 0
	 0
	 1
	 0
	 0
	 1
	 0
	 1
	 1
	 0
	 1
	 1
	 0
	 0
	 1
	 0
	 0
	 1
	 0
	 0
	 0
	 0
	 1
	 0
	 0
	 0
	 1
	 1
	 0
	 0
	 0
	 0
	 0
	 0
	 1
	 1
	 1
	 0
	 0
	 1
	 1
	 1
	 0
	 1
	 1
	 0
	 1
	 0
	 0
	 0
	 1
	 0
	 1
	 0
	 1
	 1
	 0
	 0
	 1
	 0
	 1
	 1
	 1
	 0
	 1
	 0
	 1
	 1
	 1
	 0
	 0
	 1
	 1
	 1
	 0
	 1];
